10,66
10,236
10,18
10,78
10,22
10,228
10,2
10,3
9,7
9,4
9,1
9,6
8,6
8,5
8,14
8,10
101,4
101,3
101,2
101,1
101,0
99,5
99,4
99,3
99,2
99,1
99,0
79,4
79,3
79,2
79,1
79,0
76,4
76,3
76,2
76,1
76,0
75,5
75,4
75,3
75,2
75,1
75,0
74,4
74,3
74,2
74,1
74,0
72,5
72,4
72,3
72,2
72,1
72,0
69,5
69,4
69,3
69,2
69,1
69,0
67,5
67,3
67,1
65,3
65,1
63,3
63,1
58,3
58,1
55,3
55,1
20,3
20,2
20,1
19,3
19,2
19,1
14,5
14,4
12,3
12,2
12,1
11,28
11,26
11,22
11,20
11,18
11,16
11,14
11,12
18,1
11,8
18,3
11,6
11,4
11,3
14,1
11,2
14,3
11,1
13,1
10,308
13,3
10,274
10,270
10,248
10,244
10,238
10,230
10,214
10,206
10,196
10,192
10,176
10,156
10,154
10,130
